{
  "capture": "myscene",
  "image_width": 640,
  "image_height": 480,
  "K": {
    "fx": 608.1405029296875,
    "fy": 607.6630859375,
    "cx": 321.4562683105469,
    "cy": 252.0952911376953
  },
  "dist_coeffs": [
    0.0,
    0.0,
    0.0,
    0.0,
    0.0
  ],
  "depth_scale_m": 0.0010000000474974513,
  "pose_convention": "camera_to_world_opencv",
  "pose_source": "rgbd_vio",
  "frames": {
    "frame_000000": {
      "rgb": "rgb/frame_000000.png",
      "depth": "depth/frame_000000.npy",
      "timestamp": 1782360736.377103,
      "R": [
        [
          1.0,
          0.0,
          0.0
        ],
        [
          0.0,
          1.0,
          0.0
        ],
        [
          0.0,
          0.0,
          1.0
        ]
      ],
      "t": [
        0.0,
        0.0,
        0.0
      ]
    },
    "frame_000001": {
      "rgb": "rgb/frame_000001.png",
      "depth": "depth/frame_000001.npy",
      "timestamp": 1782360737.2647173,
      "R": [
        [
          0.9787198385937141,
          0.07349739400782802,
          -0.19158708363862126
        ],
        [
          -0.08032497786193603,
          0.9963723764999658,
          -0.028106676774207147
        ],
        [
          0.1888263103345862,
          0.04289779040776288,
          0.9810730880538707
        ]
      ],
      "t": [
        0.0,
        0.0,
        0.0
      ]
    },
    "frame_000002": {
      "rgb": "rgb/frame_000002.png",
      "depth": "depth/frame_000002.npy",
      "timestamp": 1782360737.3315995,
      "R": [
        [
          0.9793548283706182,
          0.07121624345498322,
          -0.18918870689160439
        ],
        [
          -0.07841221514359013,
          0.996444579541252,
          -0.030817599178596597
        ],
        [
          0.18632134784675683,
          0.045016070141871076,
          0.9814570335809663
        ]
      ],
      "t": [
        -6.460606785143203e-05,
        -0.0009847500245995506,
        0.001659186684584485
      ]
    },
    "frame_000003": {
      "rgb": "rgb/frame_000003.png",
      "depth": "depth/frame_000003.npy",
      "timestamp": 1782360737.4316046,
      "R": [
        [
          0.9798815625344574,
          0.06900208750154439,
          -0.18727208901878428
        ],
        [
          -0.07713269230491977,
          0.9963534740440487,
          -0.03647331268405894
        ],
        [
          0.18407246177205547,
          0.05018432704324896,
          0.9816307157665713
        ]
      ],
      "t": [
        -0.0011171732282036924,
        -0.003512594523733796,
        0.001260920156579698
      ]
    },
    "frame_000004": {
      "rgb": "rgb/frame_000004.png",
      "depth": "depth/frame_000004.npy",
      "timestamp": 1782360737.4982111,
      "R": [
        [
          0.9800474296865798,
          0.07157549001154123,
          -0.18542919078272443
        ],
        [
          -0.08189486015523115,
          0.9954556343112478,
          -0.048593332856945365
        ],
        [
          0.18110844111990856,
          0.06280946861420264,
          0.9814554005187999
        ]
      ],
      "t": [
        -0.0005309106241615043,
        -0.0028842353360713745,
        0.001581687590256901
      ]
    },
    "frame_000005": {
      "rgb": "rgb/frame_000005.png",
      "depth": "depth/frame_000005.npy",
      "timestamp": 1782360737.5648146,
      "R": [
        [
          0.9803565999952758,
          0.07119579972367783,
          -0.18393502914727466
        ],
        [
          -0.0820194035803785,
          0.9952777656411609,
          -0.051913260894079105
        ],
        [
          0.1793704387072235,
          0.06597974933298612,
          0.9815665634056278
        ]
      ],
      "t": [
        -0.0022929464431268886,
        -0.0016425947818491985,
        0.002327100584323339
      ]
    },
    "frame_000006": {
      "rgb": "rgb/frame_000006.png",
      "depth": "depth/frame_000006.npy",
      "timestamp": 1782360737.6648834,
      "R": [
        [
          0.9804044652449847,
          0.07060561333866311,
          -0.18390740032083122
        ],
        [
          -0.08135213014168652,
          0.9953513611262303,
          -0.051550934284160146
        ],
        [
          0.17941269589721162,
          0.06550202492466088,
          0.9815908359808907
        ]
      ],
      "t": [
        -0.002384354680815177,
        -0.00177783135351093,
        0.0020915842632508574
      ]
    },
    "frame_000007": {
      "rgb": "rgb/frame_000007.png",
      "depth": "depth/frame_000007.npy",
      "timestamp": 1782360737.7316315,
      "R": [
        [
          0.9803433956683251,
          0.072715052496111,
          -0.18341032607240448
        ],
        [
          -0.08397463964131534,
          0.9949829851903322,
          -0.054379399397618565
        ],
        [
          0.1785359528683484,
          0.06871230109829177,
          0.9815312186635575
        ]
      ],
      "t": [
        0.0006374607784360108,
        -0.002338054564055501,
        0.0003092275197593079
      ]
    },
    "frame_000008": {
      "rgb": "rgb/frame_000008.png",
      "depth": "depth/frame_000008.npy",
      "timestamp": 1782360737.7985055,
      "R": [
        [
          0.9799391829981919,
          0.08163268530358672,
          -0.18181117214011216
        ],
        [
          -0.09433780778484895,
          0.9935857484294137,
          -0.06235173245636454
        ],
        [
          0.17555505018991843,
          0.07825257317230372,
          0.9813546551296978
        ]
      ],
      "t": [
        -0.001405475099861071,
        -0.0029810782688941655,
        0.0033086577686268024
      ]
    },
    "frame_000009": {
      "rgb": "rgb/frame_000009.png",
      "depth": "depth/frame_000009.npy",
      "timestamp": 1782360737.8983698,
      "R": [
        [
          0.9790319254156562,
          0.1003593457134775,
          -0.1772695426317662
        ],
        [
          -0.1139349283680279,
          0.9911504285665019,
          -0.06811505010062843
        ],
        [
          0.168864801289923,
          0.08688400129138549,
          0.9818023473209427
        ]
      ],
      "t": [
        -0.007374485413535095,
        -0.010073601865938078,
        0.004872022712163835
      ]
    },
    "frame_000010": {
      "rgb": "rgb/frame_000010.png",
      "depth": "depth/frame_000010.npy",
      "timestamp": 1782360737.964911,
      "R": [
        [
          0.9765347290397041,
          0.13276042216243042,
          -0.16957179390041585
        ],
        [
          -0.14376991826618224,
          0.9881185005880697,
          -0.05433267338645614
        ],
        [
          0.1603437980749087,
          0.07743706543275836,
          0.9840189872741661
        ]
      ],
      "t": [
        -0.006017985735679718,
        -0.017594059304929063,
        -0.0023331209516657975
      ]
    },
    "frame_000011": {
      "rgb": "rgb/frame_000011.png",
      "depth": "depth/frame_000011.npy",
      "timestamp": 1782360738.0320706,
      "R": [
        [
          0.976327730684163,
          0.1345795445200653,
          -0.16932958540634366
        ],
        [
          -0.13527897355354196,
          0.9907795160996665,
          0.007453173257719748
        ],
        [
          0.16877132935250738,
          0.015629992772911525,
          0.9855312992059188
        ]
      ],
      "t": [
        -0.008001631614487375,
        -0.023389857898988158,
        0.002514143302787905
      ]
    },
    "frame_000012": {
      "rgb": "rgb/frame_000012.png",
      "depth": "depth/frame_000012.npy",
      "timestamp": 1782360738.1319156,
      "R": [
        [
          0.9788186312999283,
          0.1609448665084714,
          -0.12653393601996865
        ],
        [
          -0.15037943450330513,
          0.9846058943473589,
          0.08909129303642663
        ],
        [
          0.1389248455050475,
          -0.06817611576649575,
          0.9879533918866781
        ]
      ],
      "t": [
        -0.011658950668038116,
        -0.042253611169837266,
        -0.003014875580234261
      ]
    },
    "frame_000013": {
      "rgb": "rgb/frame_000013.png",
      "depth": "depth/frame_000013.npy",
      "timestamp": 1782360738.198973,
      "R": [
        [
          0.9839869465012862,
          0.016351579657093725,
          -0.1774889150279343
        ],
        [
          0.026384838558992398,
          0.9714499348490792,
          0.23577290848597204
        ],
        [
          0.17627685443441357,
          -0.23668048065786168,
          0.9554626212815823
        ]
      ],
      "t": [
        0.00483619890957605,
        -0.06841670096747786,
        -0.024436857274843765
      ]
    },
    "frame_000014": {
      "rgb": "rgb/frame_000014.png",
      "depth": "depth/frame_000014.npy",
      "timestamp": 1782360738.2985847,
      "R": [
        [
          0.9901498218172365,
          -0.0015909905051884232,
          -0.14000285391558207
        ],
        [
          0.027592530371760644,
          0.9825428967512704,
          0.18397855394394388
        ],
        [
          0.1372661015071778,
          -0.1860293654045878,
          0.9729085735998979
        ]
      ],
      "t": [
        0.00483619890957605,
        -0.06841670096747786,
        -0.024436857274843765
      ]
    },
    "frame_000015": {
      "rgb": "rgb/frame_000015.png",
      "depth": "depth/frame_000015.npy",
      "timestamp": 1782360738.3652363,
      "R": [
        [
          0.9805759731490258,
          0.028449266547799418,
          -0.19406545317426752
        ],
        [
          0.022913234225601396,
          0.966035016778162,
          0.25739333724037566
        ],
        [
          0.1947966749720442,
          -0.25684038933023634,
          0.946618861965326
        ]
      ],
      "t": [
        0.017106594600104386,
        -0.09103752593811518,
        -0.040932362555219565
      ]
    },
    "frame_000016": {
      "rgb": "rgb/frame_000016.png",
      "depth": "depth/frame_000016.npy",
      "timestamp": 1782360738.4320257,
      "R": [
        [
          0.9775484859709822,
          0.08284430983646085,
          -0.19374152343666998
        ],
        [
          -0.030372863009108214,
          0.9652655317135347,
          0.25949940747218603
        ],
        [
          0.20851006395009136,
          -0.24778876813428463,
          0.9461100779602883
        ]
      ],
      "t": [
        0.024190955481768067,
        -0.09860660264500382,
        -0.04267623981287451
      ]
    },
    "frame_000017": {
      "rgb": "rgb/frame_000017.png",
      "depth": "depth/frame_000017.npy",
      "timestamp": 1782360738.532651,
      "R": [
        [
          0.9755004913014503,
          0.08223122223983216,
          -0.20405101705106354
        ],
        [
          -0.026749397506088724,
          0.9649691440824808,
          0.26099620821342184
        ],
        [
          0.21836497247427605,
          -0.24914368757338812,
          0.9435275097943053
        ]
      ],
      "t": [
        0.03787411953235481,
        -0.10507540609578875,
        -0.041269135188119345
      ]
    },
    "frame_000018": {
      "rgb": "rgb/frame_000018.png",
      "depth": "depth/frame_000018.npy",
      "timestamp": 1782360738.5989351,
      "R": [
        [
          0.9741647620036812,
          0.07004503614001432,
          -0.21470144243217432
        ],
        [
          -0.007888367883604367,
          0.9606593429383983,
          0.2776173634290478
        ],
        [
          0.2257006648693022,
          -0.2687514088099024,
          0.9363930211936909
        ]
      ],
      "t": [
        0.048793634903801494,
        -0.10893397549540702,
        -0.03787389363709695
      ]
    },
    "frame_000019": {
      "rgb": "rgb/frame_000019.png",
      "depth": "depth/frame_000019.npy",
      "timestamp": 1782360738.6654708,
      "R": [
        [
          0.9748371290533616,
          0.07216739629292471,
          -0.2109133441281051
        ],
        [
          -0.006516854100162665,
          0.9549680913348584,
          0.29663694163892185
        ],
        [
          0.22282302940144605,
          -0.28779821306699604,
          0.9314086568868719
        ]
      ],
      "t": [
        0.05724193639184967,
        -0.11196135415972078,
        -0.03393939486012114
      ]
    },
    "frame_000020": {
      "rgb": "rgb/frame_000020.png",
      "depth": "depth/frame_000020.npy",
      "timestamp": 1782360738.7655904,
      "R": [
        [
          0.9720918135933633,
          0.06511599224470294,
          -0.22538281544686228
        ],
        [
          0.013177879675215947,
          0.9440353141871215,
          0.32958105081282635
        ],
        [
          0.23423033414148572,
          -0.3233531090334672,
          0.9168309099536069
        ]
      ],
      "t": [
        0.06952650026777743,
        -0.11882303278596298,
        -0.028540068459373905
      ]
    },
    "frame_000021": {
      "rgb": "rgb/frame_000021.png",
      "depth": "depth/frame_000021.npy",
      "timestamp": 1782360738.8324077,
      "R": [
        [
          0.9715418286215528,
          0.07259054900172399,
          -0.22547081282134543
        ],
        [
          0.010504775216254592,
          0.9377427415990892,
          0.3471717158350865
        ],
        [
          0.2366350036160031,
          -0.3396603638546168,
          0.9102937505496803
        ]
      ],
      "t": [
        0.07967638728405342,
        -0.1255614990311522,
        -0.02822295454188906
      ]
    },
    "frame_000022": {
      "rgb": "rgb/frame_000022.png",
      "depth": "depth/frame_000022.npy",
      "timestamp": 1782360738.8992777,
      "R": [
        [
          0.969924312794474,
          0.0815756409220501,
          -0.22932998551939204
        ],
        [
          0.00954965420630863,
          0.928689231403155,
          0.370735910831896
        ],
        [
          0.24321930752863283,
          -0.3617757956027084,
          0.8999792454058704
        ]
      ],
      "t": [
        0.08802730853872863,
        -0.13055654254251875,
        -0.027206022150595255
      ]
    },
    "frame_000023": {
      "rgb": "rgb/frame_000023.png",
      "depth": "depth/frame_000023.npy",
      "timestamp": 1782360738.9993632,
      "R": [
        [
          0.9687404136630869,
          0.09920171503261177,
          -0.2273786064484969
        ],
        [
          -0.0016463030961143509,
          0.9191166292537949,
          0.3939821208065872
        ],
        [
          0.24807116039956675,
          -0.38129206858224746,
          0.8905487397185419
        ]
      ],
      "t": [
        0.0872260529124081,
        -0.12245985059970811,
        -0.006885833616579528
      ]
    },
    "frame_000024": {
      "rgb": "rgb/frame_000024.png",
      "depth": "depth/frame_000024.npy",
      "timestamp": 1782360739.0657995,
      "R": [
        [
          0.9760137736255151,
          0.09170064112374561,
          -0.1974540607604122
        ],
        [
          -0.013578236077578725,
          0.9308385520038344,
          0.3651783421951867
        ],
        [
          0.21728494010930438,
          -0.35373801396075266,
          0.9097563807310165
        ]
      ],
      "t": [
        0.0872260529124081,
        -0.12245985059970811,
        -0.006885833616579528
      ]
    },
    "frame_000025": {
      "rgb": "rgb/frame_000025.png",
      "depth": "depth/frame_000025.npy",
      "timestamp": 1782360739.1326473,
      "R": [
        [
          0.9828080697745164,
          0.085814907717163,
          -0.16347507332796882
        ],
        [
          -0.026644702762661,
          0.9420734938285447,
          0.3343465149218201
        ],
        [
          0.18269744880752814,
          -0.32424270822822293,
          0.928163944764096
        ]
      ],
      "t": [
        0.0872260529124081,
        -0.12245985059970811,
        -0.006885833616579528
      ]
    },
    "frame_000026": {
      "rgb": "rgb/frame_000026.png",
      "depth": "depth/frame_000026.npy",
      "timestamp": 1782360739.2324598,
      "R": [
        [
          0.9909047996807362,
          0.023779220647750808,
          -0.13244707107016868
        ],
        [
          0.018204062592694196,
          0.9515261579733021,
          0.30702863514285805
        ],
        [
          0.13332775433045424,
          -0.3066472229744643,
          0.9424389585364386
        ]
      ],
      "t": [
        0.0872260529124081,
        -0.12245985059970811,
        -0.006885833616579528
      ]
    },
    "frame_000027": {
      "rgb": "rgb/frame_000027.png",
      "depth": "depth/frame_000027.npy",
      "timestamp": 1782360739.2662582,
      "R": [
        [
          0.9926489594285816,
          0.0019305771819241018,
          -0.12101370260057037
        ],
        [
          0.03461247305522876,
          0.9535839553772663,
          0.29913143725801794
        ],
        [
          0.11597422150786649,
          -0.30112109344712357,
          0.9465072989823443
        ]
      ],
      "t": [
        0.0872260529124081,
        -0.12245985059970811,
        -0.006885833616579528
      ]
    },
    "frame_000028": {
      "rgb": "rgb/frame_000028.png",
      "depth": "depth/frame_000028.npy",
      "timestamp": 1782360739.365909,
      "R": [
        [
          0.9974818726251274,
          -0.037766117522470485,
          -0.060030276957116636
        ],
        [
          0.0534793689160852,
          0.9564666886953742,
          0.2868996872017147
        ],
        [
          0.046581872918619455,
          -0.28938761857305445,
          0.9560778918749298
        ]
      ],
      "t": [
        0.0872260529124081,
        -0.12245985059970811,
        -0.006885833616579528
      ]
    },
    "frame_000029": {
      "rgb": "rgb/frame_000029.png",
      "depth": "depth/frame_000029.npy",
      "timestamp": 1782360739.4328213,
      "R": [
        [
          0.9957803686106487,
          -0.016487137301606343,
          -0.09027531109466501
        ],
        [
          0.042100929794359254,
          0.9561709625192821,
          0.28976646138813006
        ],
        [
          0.08154121166680663,
          -0.29234442826663637,
          0.9528303973222949
        ]
      ],
      "t": [
        0.08892736438440638,
        -0.1254494999720286,
        -0.017243812511282125
      ]
    },
    "frame_000030": {
      "rgb": "rgb/frame_000030.png",
      "depth": "depth/frame_000030.npy",
      "timestamp": 1782360739.499616,
      "R": [
        [
          0.9931092630408587,
          -0.10633565749419019,
          -0.04926174588583947
        ],
        [
          0.1164843646506548,
          0.8495399392819614,
          0.5145029488319123
        ],
        [
          -0.012860188737961832,
          -0.5166958675179035,
          0.856072424527005
        ]
      ],
      "t": [
        0.07560419837841306,
        -0.19936833845616547,
        -0.03737043624469534
      ]
    },
    "frame_000031": {
      "rgb": "rgb/frame_000031.png",
      "depth": "depth/frame_000031.npy",
      "timestamp": 1782360739.5660665,
      "R": [
        [
          0.9939698917771056,
          -0.06991616476840097,
          -0.08447238687693794
        ],
        [
          0.1032994627537193,
          0.8554659355560482,
          0.5074517258794248
        ],
        [
          0.03678417098973668,
          -0.5131176892363897,
          0.8575296856420221
        ]
      ],
      "t": [
        0.07678829872901942,
        -0.20183116425615685,
        -0.0399928816057273
      ]
    },
    "frame_000032": {
      "rgb": "rgb/frame_000032.png",
      "depth": "depth/frame_000032.npy",
      "timestamp": 1782360739.666362,
      "R": [
        [
          0.9748795086448964,
          0.0013298362008791608,
          -0.22272892753291876
        ],
        [
          0.11006891172597341,
          0.866470883560081,
          0.4869425454959456
        ],
        [
          0.19363568445858598,
          -0.4992258401548245,
          0.8445583355967569
        ]
      ],
      "t": [
        0.10095537432959947,
        -0.190385500869263,
        -0.01602960702620478
      ]
    },
    "frame_000033": {
      "rgb": "rgb/frame_000033.png",
      "depth": "depth/frame_000033.npy",
      "timestamp": 1782360739.7330213,
      "R": [
        [
          0.9656697825650652,
          0.032359587999046244,
          -0.25774935131881777
        ],
        [
          0.09528706154488965,
          0.8789256733720902,
          0.467343595858076
        ],
        [
          0.2416655683850714,
          -0.47585976689771586,
          0.8456685138428481
        ]
      ],
      "t": [
        0.09840339235505181,
        -0.18420201449218782,
        -0.01579092319844536
      ]
    },
    "frame_000034": {
      "rgb": "rgb/frame_000034.png",
      "depth": "depth/frame_000034.npy",
      "timestamp": 1782360739.800011,
      "R": [
        [
          0.9464322339507939,
          0.06132807635056445,
          -0.31702506776286427
        ],
        [
          0.09085743288641085,
          0.8915521697480898,
          0.44371122986325573
        ],
        [
          0.30985634321117345,
          -0.44874669432611,
          0.8382216001172886
        ]
      ],
      "t": [
        0.10421909977129203,
        -0.18115740458795596,
        -0.011150338033971502
      ]
    },
    "frame_000035": {
      "rgb": "rgb/frame_000035.png",
      "depth": "depth/frame_000035.npy",
      "timestamp": 1782360739.8998559,
      "R": [
        [
          0.9344703404604612,
          0.10338391948373993,
          -0.34070067213301597
        ],
        [
          0.05487738685626362,
          0.9036566022885677,
          0.4247272272319115
        ],
        [
          0.35178637723984857,
          -0.415591759221065,
          0.838766853455716
        ]
      ],
      "t": [
        0.10572336515930612,
        -0.18581697697290872,
        -0.018227951309629356
      ]
    },
    "frame_000036": {
      "rgb": "rgb/frame_000036.png",
      "depth": "depth/frame_000036.npy",
      "timestamp": 1782360739.9668164,
      "R": [
        [
          0.9223444013230968,
          0.09269529546695697,
          -0.3750845072063507
        ],
        [
          0.08074081937532755,
          0.9031179053628641,
          0.4217332914290643
        ],
        [
          0.37783822653953086,
          -0.4192679706479916,
          0.8255014496378407
        ]
      ],
      "t": [
        0.1099011172159078,
        -0.18876621954270603,
        -0.018263903826714552
      ]
    },
    "frame_000037": {
      "rgb": "rgb/frame_000037.png",
      "depth": "depth/frame_000037.npy",
      "timestamp": 1782360740.0331035,
      "R": [
        [
          0.9160412031110216,
          0.11460210890932963,
          -0.38436294154931966
        ],
        [
          0.06343045594313154,
          0.9048563533012804,
          0.42096503079133946
        ],
        [
          0.3960367299402389,
          -0.41000162990388384,
          0.821616438500594
        ]
      ],
      "t": [
        0.11386982296685369,
        -0.19397375543689582,
        -0.021660422396499058
      ]
    },
    "frame_000038": {
      "rgb": "rgb/frame_000038.png",
      "depth": "depth/frame_000038.npy",
      "timestamp": 1782360740.1333299,
      "R": [
        [
          0.9032106029875453,
          0.1398542048148682,
          -0.40577260632831663
        ],
        [
          0.03797227570474622,
          0.9156754465584573,
          0.40012071034597957
        ],
        [
          0.42751457627626754,
          -0.37680137734033003,
          0.8217371898032563
        ]
      ],
      "t": [
        0.12041110275277747,
        -0.1936610001611052,
        -0.0229471314629964
      ]
    },
    "frame_000039": {
      "rgb": "rgb/frame_000039.png",
      "depth": "depth/frame_000039.npy",
      "timestamp": 1782360740.1999078,
      "R": [
        [
          0.8945097154806971,
          0.16118442933476257,
          -0.41697955423577826
        ],
        [
          0.019804494493127194,
          0.9175355181707703,
          0.3971603642018759
        ],
        [
          0.4466096180206073,
          -0.36352187366803973,
          0.8175522591592321
        ]
      ],
      "t": [
        0.12539377364738563,
        -0.19521007083092973,
        -0.025002572530263768
      ]
    },
    "frame_000040": {
      "rgb": "rgb/frame_000040.png",
      "depth": "depth/frame_000040.npy",
      "timestamp": 1782360740.2667987,
      "R": [
        [
          0.8860029167416403,
          0.20017001495892375,
          -0.41824729124843013
        ],
        [
          -0.014944132210051966,
          0.9138764791043001,
          0.40571720921402266
        ],
        [
          0.46343878175848974,
          -0.3532162879189904,
          0.8126885931960255
        ]
      ],
      "t": [
        0.13137817619635433,
        -0.20109251590780375,
        -0.027332833265081624
      ]
    },
    "frame_000041": {
      "rgb": "rgb/frame_000041.png",
      "depth": "depth/frame_000041.npy",
      "timestamp": 1782360740.3666952,
      "R": [
        [
          0.8721481257771685,
          0.218161838143003,
          -0.4379075919431375
        ],
        [
          -0.020964577522171537,
          0.9109166942689774,
          0.41205735352180534
        ],
        [
          0.48879252571278936,
          -0.350194500927904,
          0.7990279584139516
        ]
      ],
      "t": [
        0.14260948328130835,
        -0.20284179107068984,
        -0.02046340908337954
      ]
    },
    "frame_000042": {
      "rgb": "rgb/frame_000042.png",
      "depth": "depth/frame_000042.npy",
      "timestamp": 1782360740.4334464,
      "R": [
        [
          0.8643686109766169,
          0.22481564768980397,
          -0.4498053233479644
        ],
        [
          -0.01956678189603693,
          0.9088556866610783,
          0.41665151130177297
        ],
        [
          0.5024779053894664,
          -0.35133924542759637,
          0.789985246202599
        ]
      ],
      "t": [
        0.14739920945736518,
        -0.20404234049325193,
        -0.01552959780616111
      ]
    },
    "frame_000043": {
      "rgb": "rgb/frame_000043.png",
      "depth": "depth/frame_000043.npy",
      "timestamp": 1782360740.500132,
      "R": [
        [
          0.85863589019986,
          0.23952497392851738,
          -0.45318009105126866
        ],
        [
          -0.026345044575385463,
          0.9035587257722819,
          0.4276535603816364
        ],
        [
          0.5119085335165002,
          -0.3552596458160036,
          0.7821382469664
        ]
      ],
      "t": [
        0.15135921265571847,
        -0.20506467992710328,
        -0.010248666360528676
      ]
    },
    "frame_000044": {
      "rgb": "rgb/frame_000044.png",
      "depth": "depth/frame_000044.npy",
      "timestamp": 1782360740.6001778,
      "R": [
        [
          0.845678971710507,
          0.26466959283023905,
          -0.46344048532442034
        ],
        [
          -0.036301518114592556,
          0.8948826968525175,
          0.44482261482139107
        ],
        [
          0.5324558916842169,
          -0.35935353832269346,
          0.7663913868942718
        ]
      ],
      "t": [
        0.15479686332526915,
        -0.20594957679076467,
        -0.002576111048128496
      ]
    },
    "frame_000045": {
      "rgb": "rgb/frame_000045.png",
      "depth": "depth/frame_000045.npy",
      "timestamp": 1782360740.6671174,
      "R": [
        [
          0.8388820254930566,
          0.27094694191918123,
          -0.4720854816336867
        ],
        [
          -0.04307406255170079,
          0.8976296012744693,
          0.4386407687973472
        ],
        [
          0.5426062775530321,
          -0.34763321702691136,
          0.7646761235840713
        ]
      ],
      "t": [
        0.1574008994231558,
        -0.20236630962377966,
        0.001542428945922652
      ]
    },
    "frame_000046": {
      "rgb": "rgb/frame_000046.png",
      "depth": "depth/frame_000046.npy",
      "timestamp": 1782360740.7337172,
      "R": [
        [
          0.8317602759194527,
          0.29243800400549963,
          -0.4718631763717899
        ],
        [
          -0.05664470963993273,
          0.8902695824095933,
          0.4518976073249943
        ],
        [
          0.5522374672839603,
          -0.34914192594062166,
          0.7570559393322731
        ]
      ],
      "t": [
        0.16153199777704405,
        -0.20566304122528437,
        0.006981706690756113
      ]
    },
    "frame_000047": {
      "rgb": "rgb/frame_000047.png",
      "depth": "depth/frame_000047.npy",
      "timestamp": 1782360740.8335915,
      "R": [
        [
          0.8304784830908734,
          0.3091175360483438,
          -0.4634132475776695
        ],
        [
          -0.07546635595667898,
          0.8866687056754611,
          0.45620547508159226
        ],
        [
          0.5519151368115403,
          -0.34389672182677533,
          0.7596872557013817
        ]
      ],
      "t": [
        0.16144453304715856,
        -0.20767459426465004,
        0.005082227883723451
      ]
    },
    "frame_000048": {
      "rgb": "rgb/frame_000048.png",
      "depth": "depth/frame_000048.npy",
      "timestamp": 1782360740.900878,
      "R": [
        [
          0.8200904444071482,
          0.32633676335323586,
          -0.4700595492873431
        ],
        [
          -0.09196776056741002,
          0.8859332008870197,
          0.45460344761373545
        ],
        [
          0.5647951788111345,
          -0.3295856193012873,
          0.7565578137468978
        ]
      ],
      "t": [
        0.1612224048417235,
        -0.2071794196736452,
        0.006246187090856318
      ]
    },
    "frame_000049": {
      "rgb": "rgb/frame_000049.png",
      "depth": "depth/frame_000049.npy",
      "timestamp": 1782360740.9671197,
      "R": [
        [
          0.8063963313264416,
          0.32614789244560577,
          -0.49330772249838645
        ],
        [
          -0.08754399815037815,
          0.8908152546511694,
          0.4458522518375543
        ],
        [
          0.5848598167177342,
          -0.31634748984947086,
          0.7469024437333415
        ]
      ],
      "t": [
        0.1617310026873112,
        -0.20536953820960752,
        0.008496342137769133
      ]
    },
    "frame_000050": {
      "rgb": "rgb/frame_000050.png",
      "depth": "depth/frame_000050.npy",
      "timestamp": 1782360741.0676804,
      "R": [
        [
          0.7885382951783622,
          0.3448422936590215,
          -0.5092063918895632
        ],
        [
          -0.10193500462985836,
          0.8898325537324435,
          0.44475530480153697
        ],
        [
          0.6064788634967526,
          -0.298800633904921,
          0.7368185457150933
        ]
      ],
      "t": [
        0.1665985614732111,
        -0.2092036528039728,
        0.009761298563362636
      ]
    },
    "frame_000051": {
      "rgb": "rgb/frame_000051.png",
      "depth": "depth/frame_000051.npy",
      "timestamp": 1782360741.1339624,
      "R": [
        [
          0.7734159931906731,
          0.3583688375649877,
          -0.522876159084734
        ],
        [
          -0.09579342994740447,
          0.8814599019007502,
          0.4624414126351908
        ],
        [
          0.6266189593810549,
          -0.3075714837292929,
          0.716064565622937
        ]
      ],
      "t": [
        0.1724128087008972,
        -0.21376075045360954,
        0.017140005576190834
      ]
    },
    "frame_000052": {
      "rgb": "rgb/frame_000052.png",
      "depth": "depth/frame_000052.npy",
      "timestamp": 1782360741.2006774,
      "R": [
        [
          0.7654091618787691,
          0.3784802044888631,
          -0.5204820359264176
        ],
        [
          -0.11320421157059728,
          0.8753482008165809,
          0.47005354355632006
        ],
        [
          0.6335089749914518,
          -0.30086253029787924,
          0.7128450858833483
        ]
      ],
      "t": [
        0.17961199195179933,
        -0.21945136249694405,
        0.01212832038521571
      ]
    },
    "frame_000053": {
      "rgb": "rgb/frame_000053.png",
      "depth": "depth/frame_000053.npy",
      "timestamp": 1782360741.3005095,
      "R": [
        [
          0.702460778252872,
          0.4289890431109233,
          -0.5679060273558855
        ],
        [
          -0.09749912878611432,
          0.8484118943213224,
          0.5202799029945834
        ],
        [
          0.7050126062009943,
          -0.310105882667322,
          0.637802137526054
        ]
      ],
      "t": [
        0.19381479205334,
        -0.23291698068771793,
        0.03560261281580611
      ]
    },
    "frame_000054": {
      "rgb": "rgb/frame_000054.png",
      "depth": "depth/frame_000054.npy",
      "timestamp": 1782360741.3673613,
      "R": [
        [
          0.6792876560338811,
          0.415257760115441,
          -0.6050861699162379
        ],
        [
          -0.0963766678037891,
          0.867848861939506,
          0.48739090136495294
        ],
        [
          0.7275161979385982,
          -0.2727624341697553,
          0.6295401784181504
        ]
      ],
      "t": [
        0.2017387690525521,
        -0.21812802556641864,
        0.04051077413090258
      ]
    },
    "frame_000055": {
      "rgb": "rgb/frame_000055.png",
      "depth": "depth/frame_000055.npy",
      "timestamp": 1782360741.4345036,
      "R": [
        [
          0.7093387856975834,
          0.406656030041315,
          -0.5757337582043587
        ],
        [
          -0.12578000854190788,
          0.8767132057747277,
          0.464277227819109
        ],
        [
          0.6935545231315816,
          -0.2569140479834383,
          0.6730358797214963
        ]
      ],
      "t": [
        0.19167892903514197,
        -0.2071934182945938,
        0.02166704842614891
      ]
    },
    "frame_000056": {
      "rgb": "rgb/frame_000056.png",
      "depth": "depth/frame_000056.npy",
      "timestamp": 1782360741.534026,
      "R": [
        [
          0.6527724569643758,
          0.40933566755640266,
          -0.6374420998764094
        ],
        [
          -0.11942958091696132,
          0.8865317936085869,
          0.4469876442622773
        ],
        [
          0.7480806738786207,
          -0.21565177993073786,
          0.6275903243215385
        ]
      ],
      "t": [
        0.20681102359057205,
        -0.19550776255647995,
        0.0387671698789782
      ]
    },
    "frame_000057": {
      "rgb": "rgb/frame_000057.png",
      "depth": "depth/frame_000057.npy",
      "timestamp": 1782360741.6008918,
      "R": [
        [
          0.6533655063575717,
          0.40558922879398823,
          -0.6392267927648305
        ],
        [
          -0.1157781483669716,
          0.8879744862011136,
          0.4450805906985641
        ],
        [
          0.74813697640394,
          -0.21679181105882464,
          0.6271302697167518
        ]
      ],
      "t": [
        0.20657971128220837,
        -0.19360466059554293,
        0.03741136728847235
      ]
    },
    "frame_000058": {
      "rgb": "rgb/frame_000058.png",
      "depth": "depth/frame_000058.npy",
      "timestamp": 1782360741.6678507,
      "R": [
        [
          0.6265585066785997,
          0.4050064720480187,
          -0.6658785139257014
        ],
        [
          -0.11207347573710111,
          0.8923163330295117,
          0.4372769120877182
        ],
        [
          0.7712742532620213,
          -0.19935224956840109,
          0.604478872126338
        ]
      ],
      "t": [
        0.2117865847594801,
        -0.18857100604134688,
        0.04613261993841242
      ]
    },
    "frame_000059": {
      "rgb": "rgb/frame_000059.png",
      "depth": "depth/frame_000059.npy",
      "timestamp": 1782360741.7676415,
      "R": [
        [
          0.6027417020870256,
          0.4213447149775438,
          -0.6776216287322355
        ],
        [
          -0.1245209293625294,
          0.888481268302468,
          0.44169624633488697
        ],
        [
          0.7881605031438248,
          -0.18185067235545122,
          0.5879909474200631
        ]
      ],
      "t": [
        0.21749575692843148,
        -0.18660553749208272,
        0.05465519249237787
      ]
    },
    "frame_000060": {
      "rgb": "rgb/frame_000060.png",
      "depth": "depth/frame_000060.npy",
      "timestamp": 1782360741.8347933,
      "R": [
        [
          0.5924049493292295,
          0.43359553315928523,
          -0.6790075770082012
        ],
        [
          -0.12680329426625742,
          0.8824946333437534,
          0.4529063332331515
        ],
        [
          0.7955987057389282,
          -0.18220355579348302,
          0.5777755305330552
        ]
      ],
      "t": [
        0.22321358733668195,
        -0.19097279816334692,
        0.0586248983775866
      ]
    },
    "frame_000061": {
      "rgb": "rgb/frame_000061.png",
      "depth": "depth/frame_000061.npy",
      "timestamp": 1782360741.9014304,
      "R": [
        [
          0.5814027600984361,
          0.44413441512955015,
          -0.6817004120927703
        ],
        [
          -0.13297050451529488,
          0.8784688006984108,
          0.4589241888683172
        ],
        [
          0.8026765696585818,
          -0.17617374235971558,
          0.5698009626388011
        ]
      ],
      "t": [
        0.22914039828453528,
        -0.19480459039152562,
        0.060781269693918595
      ]
    },
    "frame_000062": {
      "rgb": "rgb/frame_000062.png",
      "depth": "depth/frame_000062.npy",
      "timestamp": 1782360742.0020766,
